1	0	0.5	1	1.5	2	2.5	3	3.5	4	4.5	5	5.5	6	6.5	7	7.5	8	8.5	9	9.5	10	10.5	11	11.5	12	12.5	13	13.5	14	14.5	15	15.5	16	16.5	17	17.5	18	18.5	19	19.5	20	20.5	21	21.5	22	22.5	23	23.5	24	24.5	25	25.5	26	26.5	27	27.5	28	28.5	29	29.5	30	30.5	31	31.5	32	32.5	33	33.5	34	34.5	35
0	1.63594	1.63433	1.62973	1.62266	1.61388	1.60422	1.59437	1.58489	1.5761	1.56817	1.56116	1.55501	1.54966	1.54502	1.541	1.53749	1.53444	1.53176	1.52939	1.52733	1.52549	1.52385	1.52238	1.52106	1.51987	1.5188	1.51782	1.51693	1.51611	1.51537	1.51468	1.51401	1.51346	1.51291	1.51241	1.51194	1.5115	1.51109	1.51071	1.51035	1.51001	1.5097	1.5094	1.50911	1.50881	1.50859	1.50835	1.50813	1.50791	1.5077	1.50751	1.50732	1.50714	1.50697	1.50681	1.50666	1.50651	1.50633	1.50623	1.5061	1.50597	1.50585	1.50574	1.50562	1.50552	1.50541	1.50531	1.50521	1.50512	1.50503	1.5049
0.025	1.62873	1.62676	1.62106	1.61232	1.60146	1.58949	1.57728	1.56549	1.55453	1.54461	1.53578	1.52801	1.5212	1.51526	1.51007	1.50553	1.50154	1.49804	1.49494	1.49219	1.48974	1.48755	1.48558	1.48381	1.48221	1.48075	1.47943	1.47822	1.47712	1.4761	1.47517	1.47431	1.47351	1.47277	1.47208	1.47144	1.47085	1.47029	1.46977	1.46928	1.46883	1.46839	1.46799	1.46761	1.46725	1.46691	1.46658	1.46628	1.46599	1.46571	1.46545	1.4652	1.46497	1.46474	1.46453	1.46432	1.46412	1.46394	1.46376	1.46359	1.46342	1.46326	1.46311	1.46297	1.46283	1.46269	1.46256	1.46244	1.46232	1.4622	1.46209
0.05	1.62327	1.62104	1.61463	1.60479	1.59259	1.57915	1.56547	1.55229	1.54005	1.529	1.51918	1.51055	1.50301	1.49643	1.4907	1.4857	1.48132	1.47747	1.47408	1.47108	1.46841	1.46603	1.4639	1.46199	1.46026	1.4587	1.45728	1.45599	1.45482	1.45374	1.45275	1.45184	1.451	1.45022	1.4495	1.44883	1.44821	1.44763	1.44709	1.44658	1.44611	1.44566	1.44525	1.44486	1.44449	1.44414	1.44381	1.4435	1.4432	1.44292	1.44266	1.44241	1.44217	1.44194	1.44173	1.44152	1.44132	1.44114	1.44096	1.44078	1.44062	1.44046	1.44031	1.44017	1.44003	1.4399	1.43977	1.43965	1.43953	1.43942	1.43931
0.075	1.61874	1.61632	1.60937	1.59871	1.5855	1.57097	1.5562	1.542	1.52884	1.51698	1.50646	1.49723	1.48919	1.48218	1.47609	1.47078	1.46615	1.46208	1.45851	1.45535	1.45255	1.45006	1.44783	1.44583	1.44403	1.44241	1.44094	1.4396	1.43839	1.43727	1.43625	1.43532	1.43445	1.43366	1.43292	1.43224	1.4316	1.43101	1.43046	1.42995	1.42947	1.42902	1.4286	1.4282	1.42783	1.42748	1.42715	1.42684	1.42654	1.42626	1.426	1.42575	1.42551	1.42528	1.42507	1.42486	1.42467	1.42448	1.4243	1.42413	1.42397	1.42381	1.42367	1.42352	1.42339	1.42326	1.42313	1.42301	1.42289	1.42278	1.42268
0.1	1.61484	1.61227	1.6049	1.59358	1.57957	1.56418	1.54855	1.53354	1.51966	1.50717	1.49611	1.48642	1.47799	1.47066	1.4643	1.45877	1.45394	1.44971	1.446	1.44273	1.43983	1.43726	1.43496	1.4329	1.43106	1.42939	1.42788	1.42651	1.42527	1.42413	1.42309	1.42214	1.42126	1.42045	1.4197	1.41901	1.41837	1.41777	1.41722	1.4167	1.41621	1.41576	1.41534	1.41494	1.41457	1.41421	1.41388	1.41357	1.41327	1.41299	1.41273	1.41248	1.41224	1.41201	1.4118	1.4116	1.4114	1.41122	1.41104	1.41087	1.41071	1.41056	1.41041	1.41027	1.41013	1.41001	1.40988	1.40976	1.40965	1.40954	1.40943
0.125	1.6114	1.60872	1.60099	1.58914	1.57447	1.55836	1.54203	1.52636	1.51189	1.49888	1.48738	1.47732	1.46858	1.46099	1.45441	1.44869	1.44371	1.43936	1.43554	1.43217	1.4292	1.42656	1.42421	1.42211	1.42022	1.41852	1.41698	1.41559	1.41432	1.41317	1.41211	1.41114	1.41026	1.40944	1.40868	1.40798	1.40733	1.40673	1.40617	1.40565	1.40516	1.40471	1.40428	1.40388	1.40351	1.40315	1.40282	1.40251	1.40221	1.40193	1.40167	1.40142	1.40118	1.40095	1.40074	1.40054	1.40034	1.40016	1.39998	1.39982	1.39966	1.3995	1.39936	1.39922	1.39909	1.39896	1.39883	1.39872	1.3986	1.39849	1.39839
0.15	1.60833	1.60554	1.59753	1.58523	1.57001	1.55329	1.53636	1.52013	1.50516	1.49171	1.47984	1.46947	1.46046	1.45266	1.44589	1.44002	1.43491	1.43045	1.42655	1.42311	1.42007	1.41738	1.41498	1.41284	1.41092	1.40919	1.40763	1.40621	1.40493	1.40376	1.40269	1.40171	1.40081	1.39998	1.39922	1.39852	1.39786	1.39726	1.39669	1.39617	1.39568	1.39522	1.39479	1.39439	1.39401	1.39366	1.39333	1.39301	1.39272	1.39244	1.39217	1.39192	1.39169	1.39146	1.39125	1.39105	1.39085	1.39067	1.39049	1.39033	1.39017	1.39002	1.38987	1.38973	1.3896	1.38947	1.38935	1.38923	1.38912	1.38901	1.38891
0.175	1.60555	1.60268	1.59441	1.58174	1.56603	1.5488	1.53135	1.51464	1.49924	1.48541	1.47322	1.46258	1.45334	1.44535	1.43843	1.43242	1.42721	1.42265	1.41867	1.41516	1.41207	1.40933	1.40689	1.40472	1.40277	1.40101	1.39943	1.398	1.3967	1.39552	1.39444	1.39345	1.39254	1.3917	1.39094	1.39022	1.38957	1.38896	1.38839	1.38786	1.38737	1.38691	1.38648	1.38608	1.3857	1.38535	1.38501	1.3847	1.3844	1.38412	1.38386	1.38361	1.38337	1.38314	1.38293	1.38273	1.38254	1.38235	1.38218	1.38201	1.38185	1.3817	1.38156	1.38142	1.38129	1.38116	1.38104	1.38092	1.38081	1.38071	1.3806
0.2	1.60301	1.60006	1.59159	1.57858	1.56247	1.54478	1.52688	1.50974	1.49396	1.4798	1.46733	1.45645	1.44701	1.43885	1.43179	1.42567	1.42035	1.41572	1.41166	1.4081	1.40496	1.40218	1.39971	1.3975	1.39552	1.39375	1.39215	1.3907	1.38939	1.38819	1.3871	1.3861	1.38519	1.38434	1.38357	1.38285	1.38219	1.38158	1.38101	1.38048	1.37998	1.37952	1.37909	1.37868	1.37831	1.37795	1.37761	1.3773	1.377	1.37672	1.37646	1.37621	1.37597	1.37575	1.37553	1.37533	1.37514	1.37496	1.37478	1.37461	1.37446	1.37431	1.37416	1.37402	1.37389	1.37377	1.37364	1.37353	1.37342	1.37331	1.37321
0.225	1.60067	1.59766	1.589	1.57571	1.55923	1.54115	1.52284	1.50533	1.4892	1.47475	1.46203	1.45093	1.44132	1.43301	1.42582	1.41959	1.41419	1.40948	1.40536	1.40175	1.39857	1.39575	1.39324	1.39101	1.38901	1.38721	1.3856	1.38413	1.38281	1.3816	1.3805	1.37949	1.37857	1.37772	1.37694	1.37622	1.37555	1.37494	1.37436	1.37383	1.37333	1.37287	1.37244	1.37203	1.37165	1.37129	1.37096	1.37064	1.37034	1.37006	1.3698	1.36955	1.36931	1.36908	1.36887	1.36867	1.36848	1.36829	1.36812	1.36795	1.3678	1.36765	1.3675	1.36736	1.36723	1.36711	1.36699	1.36687	1.36676	1.36665	1.36655
0.25	1.59851	1.59545	1.58663	1.57308	1.55628	1.53784	1.51917	1.50132	1.48489	1.47017	1.45722	1.44593	1.43615	1.4277	1.4204	1.41408	1.4086	1.40382	1.39965	1.39599	1.39276	1.38991	1.38737	1.38512	1.3831	1.38128	1.37965	1.37817	1.37683	1.37561	1.3745	1.37349	1.37256	1.37171	1.37092	1.3702	1.36952	1.3689	1.36833	1.36779	1.36729	1.36683	1.36639	1.36598	1.3656	1.36524	1.36491	1.36459	1.36429	1.36401	1.36374	1.36349	1.36326	1.36303	1.36282	1.36261	1.36242	1.36224	1.36207	1.3619	1.36174	1.36159	1.36145	1.36131	1.36118	1.36105	1.36093	1.36082	1.36071	1.3606	1.3605
0.275	1.59649	1.59339	1.58442	1.57065	1.55356	1.5348	1.51581	1.49765	1.48094	1.46599	1.45282	1.44136	1.43143	1.42286	1.41545	1.40905	1.40349	1.39865	1.39442	1.39072	1.38745	1.38457	1.38201	1.37973	1.37768	1.37585	1.3742	1.37271	1.37136	1.37014	1.36902	1.368	1.36706	1.3662	1.36541	1.36468	1.364	1.36338	1.3628	1.36226	1.36176	1.36129	1.36085	1.36045	1.36006	1.3597	1.35937	1.35905	1.35875	1.35847	1.3582	1.35795	1.35771	1.35748	1.35727	1.35707	1.35688	1.35669	1.35652	1.35635	1.35619	1.35604	1.3559	1.35576	1.35563	1.35551	1.35539	1.35527	1.35516	1.35505	1.35495
0.3	1.59461	1.59146	1.58237	1.5684	1.55105	1.53201	1.51272	1.49428	1.47732	1.46214	1.44878	1.43715	1.42709	1.4184	1.4109	1.40441	1.39879	1.39389	1.38962	1.38587	1.38257	1.37965	1.37707	1.37476	1.3727	1.37085	1.36919	1.36769	1.36633	1.36509	1.36396	1.36293	1.36199	1.36113	1.36033	1.3596	1.35892	1.35829	1.35771	1.35716	1.35666	1.35619	1.35575	1.35534	1.35496	1.3546	1.35426	1.35394	1.35364	1.35335	1.35309	1.35284	1.3526	1.35237	1.35216	1.35195	1.35176	1.35158	1.3514	1.35124	1.35108	1.35093	1.35078	1.35065	1.35052	1.35039	1.35027	1.35016	1.35004	1.34994	1.34984
0.325	1.59285	1.58966	1.58046	1.5663	1.54873	1.52942	1.50986	1.49116	1.47397	1.45858	1.44505	1.43327	1.42308	1.41428	1.40669	1.40013	1.39444	1.38949	1.38517	1.38138	1.37805	1.3751	1.37249	1.37017	1.36809	1.36622	1.36455	1.36303	1.36166	1.36041	1.35928	1.35824	1.35729	1.35642	1.35562	1.35488	1.3542	1.35357	1.35298	1.35244	1.35193	1.35146	1.35102	1.35061	1.35022	1.34986	1.34952	1.3492	1.3489	1.34862	1.34835	1.34809	1.34786	1.34763	1.34741	1.34721	1.34702	1.34683	1.34666	1.34649	1.34633	1.34618	1.34603	1.3459	1.34577	1.34564	1.34552	1.34541	1.3453	1.34519	1.34509
0.35	1.59119	1.58797	1.57867	1.56435	1.54656	1.52701	1.50721	1.48827	1.47086	1.45528	1.44158	1.42966	1.41935	1.41046	1.40278	1.39614	1.39039	1.38539	1.38103	1.3772	1.37384	1.37087	1.36823	1.36589	1.36379	1.36191	1.36022	1.3587	1.35732	1.35606	1.35492	1.35388	1.35292	1.35205	1.35124	1.3505	1.34981	1.34918	1.34859	1.34804	1.34753	1.34706	1.34661	1.3462	1.34581	1.34545	1.34511	1.34479	1.34448	1.3442	1.34393	1.34368	1.34344	1.34321	1.343	1.34279	1.3426	1.34241	1.34224	1.34207	1.34191	1.34176	1.34162	1.34148	1.34135	1.34122	1.3411	1.34099	1.34088	1.34077	1.34067
0.375	1.58962	1.58637	1.57698	1.56251	1.54453	1.52476	1.50473	1.48557	1.46796	1.4522	1.43835	1.4263	1.41588	1.40689	1.39913	1.39243	1.38662	1.38157	1.37716	1.37331	1.36991	1.36691	1.36426	1.36189	1.35978	1.35789	1.35618	1.35465	1.35326	1.35199	1.35084	1.34979	1.34883	1.34795	1.34714	1.34639	1.3457	1.34507	1.34447	1.34392	1.34341	1.34294	1.34249	1.34208	1.34169	1.34132	1.34098	1.34066	1.34035	1.34007	1.3398	1.33954	1.3393	1.33908	1.33886	1.33866	1.33846	1.33828	1.3381	1.33794	1.33778	1.33762	1.33748	1.33734	1.33721	1.33708	1.33696	1.33685	1.33674	1.33663	1.33653
0.4	1.58814	1.58486	1.57539	1.56079	1.54263	1.52266	1.50242	1.48305	1.46525	1.44933	1.43533	1.42315	1.41263	1.40354	1.39571	1.38894	1.38308	1.37799	1.37354	1.36965	1.36623	1.36321	1.36053	1.35815	1.35602	1.35411	1.35239	1.35085	1.34945	1.34817	1.34702	1.34596	1.34499	1.34411	1.34329	1.34254	1.34185	1.34121	1.34061	1.34006	1.33955	1.33907	1.33862	1.3382	1.33781	1.33745	1.3371	1.33678	1.33647	1.33619	1.33592	1.33566	1.33542	1.33519	1.33498	1.33477	1.33458	1.33439	1.33422	1.33405	1.33389	1.33374	1.33359	1.33345	1.33332	1.3332	1.33307	1.33296	1.33285	1.33274	1.33264
0.425	1.58673	1.58342	1.57388	1.55917	1.54085	1.52068	1.50024	1.48069	1.46271	1.44663	1.43249	1.4202	1.40957	1.40041	1.3925	1.38567	1.37976	1.37462	1.37014	1.36621	1.36276	1.35972	1.35702	1.35462	1.35248	1.35055	1.34883	1.34727	1.34586	1.34458	1.34342	1.34235	1.34138	1.34049	1.33967	1.33891	1.33822	1.33757	1.33697	1.33642	1.3359	1.33542	1.33497	1.33455	1.33416	1.33379	1.33345	1.33312	1.33282	1.33253	1.33226	1.332	1.33176	1.33153	1.33132	1.33111	1.33091	1.33073	1.33055	1.33039	1.33023	1.33007	1.32993	1.32979	1.32966	1.32953	1.32941	1.32929	1.32918	1.32908	1.32897
0.45	1.58539	1.58206	1.57246	1.55763	1.53916	1.51882	1.4982	1.47847	1.46032	1.44409	1.42983	1.41742	1.4067	1.39745	1.38948	1.38259	1.37663	1.37145	1.36693	1.36297	1.3595	1.35643	1.35371	1.35129	1.34913	1.3472	1.34546	1.34389	1.34247	1.34119	1.34001	1.33895	1.33797	1.33707	1.33625	1.33549	1.33479	1.33414	1.33354	1.33298	1.33246	1.33198	1.33153	1.33111	1.33071	1.33034	1.33	1.32967	1.32936	1.32908	1.3288	1.32855	1.3283	1.32807	1.32786	1.32765	1.32745	1.32727	1.32709	1.32692	1.32676	1.32661	1.32646	1.32633	1.32619	1.32607	1.32595	1.32583	1.32572	1.32561	1.32551
0.475	1.58411	1.58076	1.5711	1.55617	1.53757	1.51707	1.49627	1.47637	1.45807	1.4417	1.42731	1.4148	1.40399	1.39466	1.38662	1.37968	1.37367	1.36845	1.36389	1.35991	1.35641	1.35332	1.35058	1.34814	1.34597	1.34402	1.34227	1.3407	1.33927	1.33797	1.33679	1.33572	1.33474	1.33383	1.33301	1.33224	1.33154	1.33089	1.33028	1.32972	1.3292	1.32872	1.32826	1.32784	1.32745	1.32707	1.32673	1.3264	1.32609	1.3258	1.32553	1.32527	1.32503	1.3248	1.32458	1.32437	1.32417	1.32399	1.32381	1.32364	1.32348	1.32333	1.32318	1.32304	1.32291	1.32278	1.32266	1.32255	1.32243	1.32233	1.32223
0.5	1.58289	1.57953	1.56981	1.55479	1.53606	1.51541	1.49445	1.47439	1.45594	1.43944	1.42493	1.41232	1.40142	1.39202	1.38392	1.37692	1.37086	1.3656	1.36102	1.357	1.35348	1.35036	1.34761	1.34516	1.34297	1.34101	1.33925	1.33766	1.33623	1.33492	1.33374	1.33266	1.33167	1.33076	1.32993	1.32916	1.32845	1.3278	1.32719	1.32663	1.32611	1.32562	1.32516	1.32474	1.32434	1.32397	1.32362	1.32329	1.32298	1.32269	1.32242	1.32216	1.32191	1.32168	1.32146	1.32126	1.32106	1.32087	1.32069	1.32052	1.32036	1.32021	1.32006	1.31992	1.31979	1.31966	1.31954	1.31942	1.31931	1.31921	1.3191
0.525	1.58172	1.57835	1.56858	1.55348	1.53463	1.51384	1.49273	1.47252	1.45393	1.4373	1.42268	1.40997	1.39898	1.38952	1.38135	1.3743	1.3682	1.3629	1.35829	1.35424	1.35069	1.34756	1.34478	1.34232	1.34012	1.33814	1.33637	1.33478	1.33333	1.33202	1.33083	1.32974	1.32875	1.32784	1.327	1.32623	1.32552	1.32486	1.32425	1.32369	1.32316	1.32267	1.32221	1.32179	1.32139	1.32101	1.32066	1.32033	1.32002	1.31973	1.31946	1.3192	1.31895	1.31872	1.3185	1.31829	1.31809	1.3179	1.31773	1.31756	1.31739	1.31724	1.31709	1.31695	1.31682	1.31669	1.31657	1.31645	1.31634	1.31623	1.31613
0.55	1.5806	1.57721	1.56741	1.55222	1.53327	1.51234	1.49109	1.47074	1.45202	1.43526	1.42054	1.40774	1.39667	1.38713	1.37891	1.37181	1.36567	1.36033	1.35568	1.35162	1.34804	1.34489	1.3421	1.33961	1.3374	1.33541	1.33363	1.33203	1.33057	1.32926	1.32806	1.32696	1.32597	1.32505	1.32421	1.32343	1.32272	1.32206	1.32145	1.32088	1.32035	1.31986	1.3194	1.31897	1.31857	1.31819	1.31784	1.31751	1.3172	1.31691	1.31663	1.31637	1.31612	1.31589	1.31567	1.31546	1.31526	1.31507	1.31489	1.31472	1.31456	1.31441	1.31426	1.31412	1.31399	1.31386	1.31374	1.31362	1.31351	1.3134	1.3133
0.575	1.57953	1.57613	1.56628	1.55103	1.53197	1.51092	1.48954	1.46905	1.4502	1.43333	1.4185	1.40561	1.39447	1.38487	1.37659	1.36944	1.36326	1.35789	1.3532	1.34911	1.34551	1.34234	1.33953	1.33703	1.3348	1.33281	1.33102	1.3294	1.32794	1.32662	1.32541	1.32431	1.32331	1.32239	1.32154	1.32076	1.32005	1.31938	1.31877	1.3182	1.31767	1.31717	1.31671	1.31628	1.31588	1.3155	1.31515	1.31481	1.3145	1.31421	1.31393	1.31367	1.31342	1.31319	1.31297	1.31276	1.31256	1.31237	1.31219	1.31202	1.31186	1.3117	1.31155	1.31141	1.31128	1.31115	1.31103	1.31091	1.3108	1.31069	1.31059
0.6	1.5785	1.57509	1.5652	1.54989	1.53074	1.50957	1.48806	1.46744	1.44847	1.43149	1.41656	1.40359	1.39237	1.3827	1.37437	1.36718	1.36095	1.35555	1.35084	1.34672	1.3431	1.3399	1.33708	1.33456	1.33232	1.33032	1.32852	1.32689	1.32542	1.32409	1.32288	1.32178	1.32077	1.31984	1.31899	1.31821	1.31749	1.31682	1.3162	1.31563	1.3151	1.3146	1.31414	1.31371	1.3133	1.31292	1.31257	1.31223	1.31192	1.31162	1.31135	1.31109	1.31084	1.3106	1.31038	1.31017	1.30997	1.30978	1.3096	1.30943	1.30926	1.30911	1.30896	1.30882	1.30868	1.30856	1.30843	1.30831	1.3082	1.30809	1.30799
0.625	1.57751	1.57409	1.56417	1.5488	1.52956	1.50828	1.48665	1.46591	1.44682	1.42973	1.41471	1.40165	1.39037	1.38064	1.37225	1.36501	1.35875	1.35331	1.34857	1.34442	1.34078	1.33757	1.33473	1.3322	1.32995	1.32793	1.32612	1.32449	1.32301	1.32167	1.32045	1.31934	1.31833	1.3174	1.31655	1.31576	1.31504	1.31437	1.31374	1.31317	1.31263	1.31214	1.31167	1.31124	1.31083	1.31045	1.31008	1.30975	1.30944	1.30915	1.30887	1.3086	1.30836	1.30812	1.3079	1.30769	1.30748	1.30729	1.30711	1.30694	1.30678	1.30662	1.30647	1.30633	1.3062	1.30607	1.30594	1.30583	1.30571	1.3056	1.3055
0.65	1.57656	1.57313	1.56318	1.54775	1.52843	1.50705	1.4853	1.46445	1.44525	1.42806	1.41295	1.39981	1.38845	1.37866	1.37022	1.36294	1.35664	1.35117	1.3464	1.34223	1.33857	1.33534	1.33248	1.32994	1.32767	1.32564	1.32382	1.32218	1.3207	1.31935	1.31813	1.31701	1.31599	1.31506	1.3142	1.31341	1.31268	1.31201	1.31139	1.31081	1.31027	1.30977	1.3093	1.30887	1.30846	1.30808	1.30772	1.30738	1.30707	1.30677	1.30649	1.30622	1.30597	1.30574	1.30551	1.3053	1.3051	1.30491	1.30473	1.30456	1.30439	1.30423	1.30409	1.30394	1.30381	1.30368	1.30355	1.30344	1.30332	1.30321	1.30311
0.675	1.57564	1.5722	1.56223	1.54674	1.52735	1.50587	1.48402	1.46305	1.44374	1.42645	1.41126	1.39804	1.38662	1.37677	1.36828	1.36096	1.35462	1.34911	1.34432	1.34012	1.33644	1.33319	1.33032	1.32776	1.32548	1.32345	1.32161	1.31996	1.31847	1.31712	1.31589	1.31477	1.31375	1.31281	1.31195	1.31115	1.31042	1.30974	1.30912	1.30854	1.308	1.30749	1.30703	1.30659	1.30618	1.30579	1.30544	1.3051	1.30478	1.30448	1.3042	1.30394	1.30368	1.30345	1.30322	1.30301	1.30281	1.30262	1.30243	1.30226	1.3021	1.30194	1.30179	1.30165	1.30151	1.30138	1.30126	1.30114	1.30102	1.30091	1.30081
0.7	1.57475	1.5713	1.56131	1.54578	1.52631	1.50474	1.48278	1.46171	1.4423	1.42492	1.40964	1.39634	1.38486	1.37495	1.36642	1.35905	1.35267	1.34714	1.34232	1.3381	1.3344	1.33113	1.32824	1.32567	1.32338	1.32133	1.31949	1.31783	1.31633	1.31498	1.31374	1.31261	1.31158	1.31064	1.30978	1.30898	1.30824	1.30756	1.30694	1.30635	1.30581	1.30531	1.30483	1.3044	1.30398	1.3036	1.30324	1.3029	1.30258	1.30228	1.302	1.30173	1.30148	1.30124	1.30102	1.3008	1.3006	1.30041	1.30023	1.30005	1.29989	1.29973	1.29958	1.29944	1.2993	1.29917	1.29904	1.29892	1.29881	1.2987	1.2986
0.725	1.57389	1.57044	1.56042	1.54485	1.52532	1.50366	1.48161	1.46043	1.44092	1.42345	1.40808	1.39472	1.38317	1.37321	1.36463	1.35722	1.35081	1.34524	1.34039	1.33615	1.33243	1.32915	1.32624	1.32366	1.32136	1.3193	1.31745	1.31578	1.31427	1.31291	1.31167	1.31054	1.3095	1.30856	1.30769	1.30689	1.30615	1.30546	1.30483	1.30425	1.3037	1.3032	1.30272	1.30228	1.30187	1.30148	1.30112	1.30078	1.30046	1.30016	1.29988	1.29961	1.29936	1.29912	1.29889	1.29868	1.29847	1.29828	1.2981	1.29792	1.29776	1.2976	1.29745	1.2973	1.29717	1.29704	1.29691	1.29679	1.29668	1.29657	1.29646
0.75	1.57306	1.56961	1.55957	1.54396	1.52436	1.50263	1.48047	1.4592	1.4396	1.42204	1.40659	1.39316	1.38154	1.37153	1.3629	1.35545	1.34901	1.34342	1.33854	1.33428	1.33054	1.32724	1.32432	1.32172	1.31941	1.31734	1.31548	1.3138	1.31229	1.31092	1.30967	1.30853	1.30749	1.30654	1.30567	1.30487	1.30412	1.30344	1.3028	1.30222	1.30167	1.30116	1.30069	1.30024	1.29983	1.29944	1.29908	1.29874	1.29842	1.29811	1.29783	1.29756	1.29731	1.29707	1.29684	1.29662	1.29642	1.29623	1.29604	1.29587	1.2957	1.29554	1.29539	1.29525	1.29511	1.29498	1.29485	1.29473	1.29462	1.29451	1.2944
0.775	1.57226	1.5688	1.55875	1.5431	1.52344	1.50163	1.47939	1.45802	1.43833	1.42068	1.40516	1.39165	1.37998	1.36992	1.36124	1.35376	1.34728	1.34166	1.33676	1.33247	1.32871	1.32539	1.32246	1.31985	1.31753	1.31545	1.31358	1.31189	1.31037	1.309	1.30774	1.3066	1.30556	1.3046	1.30372	1.30292	1.30217	1.30148	1.30085	1.30026	1.29971	1.2992	1.29872	1.29827	1.29786	1.29747	1.2971	1.29676	1.29644	1.29614	1.29585	1.29558	1.29533	1.29508	1.29486	1.29464	1.29444	1.29424	1.29406	1.29388	1.29371	1.29356	1.2934	1.29326	1.29312	1.29299	1.29286	1.29274	1.29263	1.29252	1.29241
0.8	1.57149	1.56802	1.55795	1.54227	1.52256	1.50067	1.47835	1.45689	1.4371	1.41938	1.40378	1.39021	1.37848	1.36836	1.35965	1.35212	1.34561	1.33996	1.33504	1.33073	1.32695	1.32362	1.32067	1.31805	1.31571	1.31362	1.31174	1.31005	1.30852	1.30714	1.30588	1.30473	1.30368	1.30272	1.30184	1.30103	1.30028	1.29959	1.29895	1.29836	1.29781	1.2973	1.29682	1.29637	1.29595	1.29556	1.2952	1.29485	1.29453	1.29422	1.29394	1.29367	1.29341	1.29317	1.29294	1.29272	1.29252	1.29232	1.29214	1.29196	1.29179	1.29163	1.29148	1.29134	1.2912	1.29107	1.29094	1.29082	1.2907	1.29059	1.29049
0.825	1.57073	1.56726	1.55718	1.54147	1.52171	1.49975	1.47734	1.4558	1.43593	1.41812	1.40245	1.38882	1.37703	1.36687	1.35811	1.35054	1.344	1.33832	1.33337	1.32905	1.32525	1.3219	1.31893	1.3163	1.31395	1.31185	1.30997	1.30827	1.30673	1.30534	1.30408	1.30293	1.30187	1.30091	1.30002	1.29921	1.29846	1.29776	1.29712	1.29653	1.29597	1.29546	1.29498	1.29453	1.29411	1.29372	1.29335	1.293	1.29268	1.29237	1.29209	1.29181	1.29156	1.29131	1.29109	1.29087	1.29066	1.29047	1.29028	1.2901	1.28993	1.28977	1.28962	1.28948	1.28934	1.28921	1.28908	1.28896	1.28884	1.28873	1.28862
0.85	1.57	1.56653	1.55644	1.5407	1.52089	1.49887	1.47638	1.45475	1.4348	1.41691	1.40117	1.38748	1.37563	1.36542	1.35662	1.34902	1.34245	1.33674	1.33177	1.32742	1.3236	1.32024	1.31726	1.31461	1.31226	1.31014	1.30825	1.30654	1.305	1.30361	1.30234	1.30118	1.30012	1.29915	1.29826	1.29745	1.29669	1.29599	1.29535	1.29475	1.2942	1.29368	1.2932	1.29275	1.29233	1.29193	1.29156	1.29122	1.29089	1.29058	1.29029	1.29002	1.28976	1.28952	1.28929	1.28907	1.28886	1.28867	1.28848	1.2883	1.28813	1.28797	1.28782	1.28767	1.28754	1.2874	1.28727	1.28715	1.28704	1.28693	1.28682
0.875	1.5693	1.56582	1.55571	1.53995	1.5201	1.49801	1.47545	1.45374	1.43371	1.41575	1.39994	1.38618	1.37429	1.36403	1.35518	1.34755	1.34094	1.33521	1.33021	1.32585	1.32201	1.31863	1.31564	1.31298	1.31061	1.30849	1.30659	1.30488	1.30333	1.30192	1.30065	1.29948	1.29842	1.29745	1.29656	1.29574	1.29498	1.29428	1.29363	1.29303	1.29247	1.29195	1.29147	1.29102	1.2906	1.2902	1.28983	1.28948	1.28915	1.28885	1.28856	1.28828	1.28802	1.28778	1.28755	1.28733	1.28712	1.28692	1.28674	1.28656	1.28639	1.28623	1.28607	1.28593	1.28579	1.28565	1.28553	1.2854	1.28529	1.28518	1.28507
0.9	1.56861	1.56513	1.55502	1.53923	1.51933	1.49719	1.47455	1.45277	1.43266	1.41463	1.39875	1.38493	1.37298	1.36268	1.3538	1.34613	1.33949	1.33373	1.32871	1.32432	1.32047	1.31707	1.31407	1.3114	1.30903	1.30689	1.30498	1.30326	1.3017	1.30029	1.29901	1.29784	1.29678	1.2958	1.2949	1.29408	1.29332	1.29262	1.29197	1.29136	1.2908	1.29028	1.2898	1.28934	1.28892	1.28852	1.28815	1.2878	1.28747	1.28716	1.28687	1.28659	1.28634	1.28609	1.28586	1.28564	1.28543	1.28523	1.28504	1.28487	1.2847	1.28453	1.28438	1.28423	1.28409	1.28396	1.28383	1.28371	1.28359	1.28348	1.28337
