1	0	0.5	1	1.5	2	2.5	3	3.5	4	4.5	5	5.5	6	6.5	7	7.5	8	8.5	9	9.5	10	10.5	11	11.5	12	12.5	13	13.5	14	14.5	15	15.5	16	16.5	17	17.5	18	18.5	19	19.5	20	20.5	21	21.5	22	22.5	23	23.5	24	24.5	25	25.5	26	26.5	27	27.5	28	28.5	29	29.5	30	30.5	31	31.5	32	32.5	33	33.5	34	34.5	35
0	1.95175	1.89491	1.75087	1.57135	1.39484	1.23823	1.1051	0.993516	0.90005	0.821325	0.75448	0.697218	0.647732	0.60461	0.566737	0.533237	0.503414	0.476704	0.452652	0.430885	0.411097	0.393032	0.376477	0.361251	0.347202	0.334199	0.322131	0.310901	0.300422	0.290626	0.281446	0.272826	0.264718	0.257076	0.249862	0.243041	0.236581	0.230455	0.224638	0.219107	0.213842	0.208823	0.204034	0.199459	0.195085	0.190898	0.186887	0.183041	0.17935	0.175804	0.172396	0.169117	0.165961	0.162921	0.159989	0.157161	0.154431	0.151795	0.149247	0.146782	0.144398	0.14209	0.139855	0.137689	0.135589	0.133552	0.131575	0.129656	0.127792	0.125981	0.12422
0.025	1.94458	1.88687	1.74112	1.56049	1.38383	1.22776	1.09548	0.984819	0.892234	0.814301	0.748147	0.691481	0.642507	0.599823	0.562331	0.529162	0.499626	0.473169	0.44934	0.427771	0.40816	0.390253	0.373841	0.358744	0.344813	0.331918	0.319947	0.308807	0.298413	0.288693	0.279585	0.271032	0.262985	0.255401	0.248241	0.24147	0.235059	0.228978	0.223204	0.217712	0.212485	0.207502	0.202747	0.198204	0.193861	0.189703	0.18572	0.181901	0.178235	0.174714	0.171329	0.168073	0.164938	0.161918	0.159006	0.156197	0.153486	0.150867	0.148336	0.145888	0.14352	0.141227	0.139006	0.136854	0.134768	0.132744	0.13078	0.128874	0.127022	0.125222	0.123473
0.05	1.93785	1.8793	1.73198	1.55036	1.37363	1.2181	1.08665	0.97688	0.885132	0.807944	0.742437	0.686325	0.637825	0.595547	0.558403	0.525536	0.496262	0.470034	0.446407	0.425017	0.405565	0.387801	0.371517	0.356536	0.34271	0.32991	0.318028	0.306968	0.296648	0.286997	0.277952	0.269457	0.261465	0.253933	0.24682	0.240095	0.233725	0.227684	0.221947	0.216491	0.211297	0.206345	0.20162	0.197107	0.19279	0.188658	0.1847	0.180904	0.17726	0.173761	0.170396	0.16716	0.164044	0.161042	0.158147	0.155355	0.15266	0.150056	0.14754	0.145106	0.142752	0.140473	0.138265	0.136125	0.134051	0.132039	0.130086	0.128191	0.126349	0.12456	0.122821
0.075	1.93147	1.87213	1.72333	1.5408	1.36404	1.20907	1.07842	0.969501	0.878549	0.802066	0.737167	0.681575	0.633518	0.591619	0.5548	0.522213	0.493182	0.467166	0.443726	0.422501	0.403195	0.385563	0.369397	0.354522	0.340793	0.328081	0.316279	0.305292	0.29504	0.285452	0.276465	0.268024	0.260083	0.252596	0.245528	0.238844	0.232512	0.226508	0.220804	0.215381	0.210217	0.205294	0.200596	0.196108	0.191817	0.187708	0.183772	0.179997	0.176375	0.172894	0.169549	0.16633	0.163231	0.160245	0.157367	0.15459	0.151909	0.149319	0.146816	0.144396	0.142054	0.139787	0.137591	0.135463	0.133399	0.131398	0.129456	0.12757	0.125738	0.123958	0.122228
0.1	1.92539	1.86529	1.71508	1.53172	1.35496	1.20054	1.07068	0.962571	0.872376	0.796563	0.732241	0.67714	0.629502	0.587959	0.551445	0.519121	0.490318	0.464501	0.441235	0.420165	0.400996	0.383486	0.36743	0.352655	0.339015	0.326385	0.314658	0.30374	0.293551	0.284021	0.275088	0.266697	0.258802	0.251359	0.244332	0.237685	0.23139	0.225418	0.219747	0.214353	0.209217	0.204321	0.199649	0.195185	0.190916	0.186829	0.182914	0.179159	0.175555	0.172093	0.168764	0.165562	0.162479	0.159508	0.156644	0.153881	0.151214	0.148638	0.146147	0.143739	0.141409	0.139153	0.136968	0.13485	0.132797	0.130805	0.128872	0.126996	0.125173	0.123402	0.12168
0.125	1.91956	1.85873	1.70719	1.52305	1.34632	1.19245	1.06334	0.956014	0.866545	0.79137	0.727596	0.672963	0.625721	0.584516	0.548291	0.516216	0.487628	0.461999	0.438898	0.417973	0.398934	0.381539	0.365586	0.350905	0.33735	0.324797	0.31314	0.302286	0.292156	0.282681	0.273798	0.265455	0.257603	0.250201	0.243211	0.236601	0.230339	0.224399	0.218757	0.213391	0.208282	0.203411	0.198762	0.194321	0.190073	0.186007	0.182111	0.178374	0.174788	0.171343	0.16803	0.164844	0.161775	0.158819	0.155969	0.153219	0.150564	0.148	0.145521	0.143124	0.140805	0.13856	0.136384	0.134277	0.132233	0.13025	0.128326	0.126458	0.124644	0.122881	0.121167
0.15	1.91395	1.85242	1.6996	1.51474	1.33806	1.18472	1.05635	0.949777	0.861004	0.78644	0.72319	0.669003	0.622139	0.581255	0.545306	0.513467	0.485084	0.459634	0.436689	0.415902	0.396985	0.3797	0.363845	0.349252	0.335777	0.323297	0.311706	0.300914	0.29084	0.281416	0.272582	0.264283	0.256472	0.249109	0.242155	0.235578	0.229347	0.223437	0.217823	0.212484	0.207399	0.202552	0.197926	0.193506	0.189278	0.185231	0.181354	0.177635	0.174065	0.170636	0.167339	0.164166	0.161112	0.158169	0.155332	0.152594	0.149952	0.147399	0.144931	0.142545	0.140236	0.138	0.135835	0.133736	0.131701	0.129728	0.127812	0.125952	0.124146	0.12239	0.120683
0.175	1.90855	1.84634	1.6923	1.50675	1.33013	1.17733	1.04966	0.94382	0.855716	0.781738	0.71899	0.665229	0.618727	0.578151	0.542465	0.510852	0.482665	0.457384	0.434589	0.413933	0.395134	0.377952	0.362191	0.347682	0.334284	0.321873	0.310346	0.299611	0.289591	0.280216	0.271427	0.26317	0.255399	0.248072	0.241152	0.234607	0.228407	0.222525	0.216938	0.211623	0.206563	0.201738	0.197133	0.192733	0.188525	0.184496	0.180636	0.176933	0.173379	0.169965	0.166682	0.163524	0.160483	0.157553	0.154728	0.152002	0.149371	0.146829	0.144372	0.141996	0.139696	0.13747	0.135314	0.133224	0.131198	0.129232	0.127324	0.125472	0.123673	0.121925	0.120225
0.2	1.90333	1.84046	1.68524	1.49905	1.32251	1.17023	1.04325	0.93811	0.85065	0.777236	0.714971	0.66162	0.615465	0.575184	0.53975	0.508353	0.480354	0.455237	0.432584	0.412055	0.393367	0.376285	0.360613	0.346185	0.332859	0.320515	0.309048	0.298369	0.2884	0.279072	0.270326	0.26211	0.254376	0.247084	0.240197	0.233682	0.227511	0.221656	0.216094	0.210803	0.205765	0.200962	0.196377	0.191996	0.187806	0.183795	0.179951	0.176265	0.172726	0.169326	0.166057	0.162912	0.159884	0.156966	0.154153	0.151438	0.148817	0.146286	0.143839	0.141472	0.139182	0.136965	0.134817	0.132736	0.130718	0.12876	0.12686	0.125015	0.123223	0.121481	0.119788
0.225	1.89827	1.83477	1.67841	1.49161	1.31516	1.16339	1.03708	0.932621	0.845783	0.772912	0.711113	0.658156	0.612335	0.572339	0.537146	0.505958	0.478139	0.453178	0.430663	0.410255	0.391674	0.374688	0.359102	0.344752	0.331496	0.319215	0.307806	0.29718	0.28726	0.277977	0.269273	0.261095	0.253397	0.246138	0.239283	0.232797	0.226653	0.220824	0.215286	0.210019	0.205002	0.200219	0.195654	0.191292	0.187119	0.183125	0.179297	0.175625	0.172101	0.168715	0.16546	0.162327	0.159311	0.156405	0.153602	0.150899	0.148288	0.145767	0.143329	0.140972	0.13869	0.136482	0.134342	0.132269	0.130259	0.128308	0.126415	0.124577	0.122792	0.121057	0.119371
0.25	1.89336	1.82924	1.67179	1.48442	1.30806	1.15679	1.03114	0.927332	0.841096	0.76875	0.707399	0.654822	0.609324	0.569601	0.534643	0.503656	0.47601	0.4512	0.428817	0.408526	0.390048	0.373155	0.357651	0.343375	0.330186	0.317967	0.306614	0.296039	0.286165	0.276926	0.268262	0.260121	0.252458	0.245231	0.238405	0.231948	0.22583	0.220026	0.214512	0.209266	0.204271	0.199507	0.19496	0.190616	0.18646	0.182482	0.178669	0.175012	0.171502	0.168129	0.164886	0.161766	0.158761	0.155866	0.153075	0.150381	0.147781	0.145268	0.14284	0.140492	0.138219	0.136019	0.133887	0.131821	0.129818	0.127875	0.125989	0.124158	0.122379	0.120651	0.11897
0.275	1.8886	1.82387	1.66536	1.47744	1.30119	1.15041	1.02539	0.922226	0.836571	0.764732	0.703815	0.651607	0.60642	0.566962	0.532229	0.501436	0.473958	0.449294	0.427039	0.40686	0.388482	0.371677	0.356254	0.342049	0.328925	0.316765	0.305466	0.29494	0.285112	0.275914	0.267289	0.259183	0.251553	0.244358	0.237561	0.231131	0.225039	0.219258	0.213766	0.208542	0.203566	0.198822	0.194293	0.189966	0.185826	0.181863	0.178065	0.174422	0.170925	0.167565	0.164334	0.161226	0.158233	0.155348	0.152567	0.149883	0.147292	0.144789	0.14237	0.14003	0.137765	0.135573	0.133449	0.131391	0.129395	0.127459	0.125579	0.123755	0.121982	0.12026	0.118585
0.3	1.88396	1.81865	1.65911	1.47067	1.29454	1.14424	1.01983	0.917286	0.832195	0.760848	0.700351	0.648499	0.603614	0.564412	0.529898	0.499292	0.471976	0.447453	0.425322	0.405251	0.38697	0.370252	0.354905	0.34077	0.327709	0.315605	0.304358	0.29388	0.284096	0.274938	0.26635	0.258279	0.250681	0.243516	0.236747	0.230343	0.224275	0.218518	0.213048	0.207844	0.202887	0.198161	0.19365	0.189339	0.185215	0.181267	0.177483	0.173853	0.170369	0.167021	0.163803	0.160705	0.157723	0.154849	0.152077	0.149403	0.146822	0.144328	0.141917	0.139585	0.137328	0.135144	0.133027	0.130976	0.128987	0.127057	0.125184	0.123366	0.1216	0.119883	0.118214
0.325	1.87945	1.81356	1.65303	1.46409	1.28807	1.13825	1.01445	0.9125	0.827956	0.757086	0.696997	0.645489	0.600897	0.561943	0.527641	0.497217	0.470058	0.445673	0.423661	0.403696	0.385508	0.368873	0.353601	0.339533	0.326533	0.314484	0.303287	0.292856	0.283113	0.273995	0.265443	0.257406	0.249839	0.242702	0.23596	0.229582	0.223537	0.217802	0.212353	0.207169	0.202231	0.197523	0.193028	0.188733	0.184625	0.180691	0.17692	0.173304	0.169832	0.166496	0.163289	0.160203	0.15723	0.154366	0.151605	0.14894	0.146367	0.143881	0.141479	0.139155	0.136906	0.134728	0.132619	0.130575	0.128593	0.126669	0.124803	0.122991	0.12123	0.119519	0.117856
0.35	1.87505	1.8086	1.6471	1.45769	1.28179	1.13243	1.00922	0.907856	0.823844	0.753437	0.693743	0.642571	0.598262	0.559549	0.525453	0.495206	0.4682	0.443947	0.422051	0.402188	0.384091	0.367537	0.352337	0.338334	0.325393	0.313398	0.30225	0.291863	0.282162	0.273082	0.264564	0.25656	0.249023	0.241914	0.235199	0.228844	0.222823	0.21711	0.211681	0.206516	0.201597	0.196905	0.192427	0.188147	0.184053	0.180133	0.176376	0.172772	0.169312	0.165988	0.162792	0.159716	0.156754	0.1539	0.151147	0.148491	0.145927	0.14345	0.141055	0.138739	0.136497	0.134327	0.132225	0.130187	0.128211	0.126294	0.124434	0.122627	0.120872	0.119167	0.117509
0.375	1.87075	1.80376	1.64132	1.45145	1.27568	1.12678	1.00414	0.903344	0.819849	0.749893	0.690582	0.639736	0.595703	0.557225	0.523329	0.493253	0.466395	0.442271	0.420489	0.400726	0.382717	0.366241	0.351112	0.337172	0.324288	0.312345	0.301245	0.290901	0.28124	0.272196	0.263713	0.255739	0.248232	0.24115	0.23446	0.22813	0.222131	0.216438	0.211029	0.205883	0.200981	0.196306	0.191844	0.187579	0.183499	0.179592	0.175848	0.172257	0.168809	0.165496	0.16231	0.159244	0.156292	0.153447	0.150704	0.148057	0.145501	0.143032	0.140645	0.138327	0.136102	0.133938	0.131842	0.129811	0.127842	0.125931	0.124076	0.122275	0.120526	0.118826	0.117173
0.4	1.86656	1.79903	1.63567	1.44537	1.26973	1.12128	0.999192	0.898956	0.815964	0.746445	0.687509	0.63698	0.593215	0.554965	0.521263	0.491355	0.464642	0.440643	0.41897	0.399304	0.381381	0.364981	0.349921	0.336043	0.323215	0.311322	0.300268	0.289966	0.280344	0.271336	0.262885	0.254943	0.247464	0.240409	0.233743	0.227436	0.221459	0.215787	0.210397	0.205268	0.200384	0.195725	0.191278	0.187027	0.182961	0.179068	0.175336	0.171757	0.16832	0.165018	0.161842	0.158787	0.155844	0.153008	0.150274	0.147635	0.145087	0.142626	0.140246	0.137945	0.135717	0.133561	0.131471	0.129446	0.127483	0.125578	0.123729	0.121933	0.120189	0.118494	0.116847
0.425	1.86246	1.7944	1.63016	1.43943	1.26393	1.11592	0.994378	0.894683	0.812181	0.743089	0.684517	0.634296	0.590793	0.552765	0.519253	0.489508	0.462935	0.439059	0.417493	0.397921	0.380082	0.363756	0.348762	0.334944	0.322171	0.310328	0.299318	0.289058	0.279473	0.270499	0.262081	0.254168	0.246717	0.239688	0.233046	0.226761	0.220805	0.215153	0.209782	0.204671	0.199803	0.19516	0.190727	0.186491	0.182439	0.178558	0.174838	0.17127	0.167845	0.164553	0.161388	0.158342	0.155408	0.152581	0.149855	0.147225	0.144685	0.142231	0.139859	0.137564	0.135344	0.133194	0.131111	0.129092	0.127134	0.125235	0.123391	0.121601	0.119863	0.118173	0.11653
0.45	1.85844	1.78988	1.62476	1.43364	1.25827	1.11069	0.989685	0.890518	0.808494	0.739818	0.6816	0.631681	0.588433	0.550621	0.517294	0.487707	0.461272	0.437515	0.416054	0.396574	0.378816	0.362563	0.347634	0.333875	0.321154	0.309359	0.298393	0.288173	0.278625	0.269685	0.261298	0.253414	0.24599	0.238986	0.232368	0.226105	0.220169	0.214536	0.209183	0.20409	0.199238	0.19461	0.190192	0.18597	0.18193	0.178062	0.174354	0.170797	0.167382	0.164101	0.160946	0.157909	0.154985	0.152166	0.149449	0.146826	0.144294	0.141847	0.139482	0.137194	0.134981	0.132837	0.13076	0.128747	0.126795	0.124901	0.123063	0.121278	0.119545	0.11786	0.116221
0.475	1.85452	1.78545	1.61949	1.42797	1.25274	1.10559	0.985107	0.886455	0.804898	0.736626	0.678755	0.629129	0.58613	0.54853	0.515383	0.485952	0.45965	0.43601	0.414651	0.39526	0.377582	0.3614	0.346535	0.332832	0.320163	0.308415	0.297492	0.287311	0.277798	0.268892	0.260536	0.25268	0.245282	0.238302	0.231707	0.225465	0.21955	0.213936	0.2086	0.203523	0.198687	0.194074	0.189671	0.185461	0.181435	0.177578	0.173882	0.170336	0.166932	0.163661	0.160515	0.157487	0.154572	0.151762	0.149042	0.146438	0.143913	0.141473	0.139115	0.136834	0.134627	0.132489	0.130418	0.128411	0.126465	0.124577	0.122744	0.120964	0.119235	0.117555	0.115921
0.5	1.85067	1.78111	1.61432	1.42243	1.24734	1.10061	0.980637	0.882488	0.801386	0.733511	0.675978	0.626638	0.583882	0.546488	0.513518	0.484238	0.458067	0.434541	0.413281	0.393979	0.376378	0.360265	0.345462	0.331815	0.319196	0.307494	0.296613	0.286469	0.276992	0.268118	0.259791	0.251963	0.244591	0.237635	0.231062	0.224842	0.218946	0.21335	0.208032	0.202971	0.19815	0.193552	0.189162	0.184966	0.180952	0.177107	0.173422	0.169887	0.166493	0.163231	0.160095	0.157076	0.154169	0.151368	0.148666	0.146059	0.143541	0.141109	0.138757	0.136483	0.134282	0.13215	0.130085	0.128084	0.126143	0.12426	0.122432	0.120657	0.118933	0.117257	0.115628
0.525	1.8469	1.77685	1.60926	1.41701	1.24206	1.09574	0.976269	0.878613	0.797955	0.730466	0.673263	0.624204	0.581685	0.544493	0.511695	0.482563	0.45652	0.433105	0.411943	0.392726	0.375202	0.359157	0.344414	0.330822	0.318252	0.306595	0.295754	0.285648	0.276205	0.267363	0.259065	0.251264	0.243917	0.236984	0.230433	0.224233	0.218356	0.212778	0.207477	0.202432	0.197626	0.193042	0.188666	0.184482	0.18048	0.176647	0.172973	0.169449	0.166065	0.162813	0.159685	0.156675	0.153777	0.150983	0.148289	0.145689	0.143179	0.140753	0.138408	0.13614	0.133945	0.13182	0.12976	0.127764	0.125829	0.123951	0.122128	0.120358	0.118639	0.116967	0.115343
0.55	1.8432	1.77268	1.60429	1.4117	1.23689	1.09098	0.971998	0.874823	0.7946	0.727489	0.670609	0.621823	0.579537	0.542542	0.509913	0.480926	0.455008	0.431702	0.410635	0.391502	0.374052	0.358073	0.34339	0.329851	0.317329	0.305716	0.294915	0.284846	0.275436	0.266624	0.258355	0.250581	0.243258	0.236348	0.229818	0.223638	0.21778	0.212219	0.206935	0.201906	0.197114	0.192544	0.188181	0.18401	0.18002	0.176198	0.172535	0.16902	0.165646	0.162403	0.159272	0.156284	0.153393	0.150607	0.147921	0.145328	0.142825	0.140406	0.138068	0.135806	0.133617	0.131497	0.129443	0.127452	0.125522	0.123649	0.121831	0.120066	0.118351	0.116684	0.115064
0.575	1.83957	1.76858	1.59942	1.4065	1.23183	1.08632	0.967819	0.871115	0.791317	0.724576	0.668011	0.619494	0.577434	0.540633	0.508169	0.479323	0.453528	0.430329	0.409355	0.390305	0.372927	0.357013	0.342388	0.328901	0.316427	0.304856	0.294094	0.284061	0.274684	0.265903	0.257661	0.249913	0.242613	0.235726	0.229217	0.223056	0.217217	0.211673	0.206405	0.201391	0.196614	0.192058	0.187707	0.183548	0.17957	0.175759	0.172106	0.168602	0.165237	0.162003	0.158894	0.155901	0.153018	0.15024	0.147561	0.144975	0.142479	0.140067	0.137734	0.135479	0.133295	0.131181	0.129133	0.127148	0.125222	0.123354	0.121541	0.11978	0.11807	0.116408	0.114791
0.6	1.836	1.76455	1.59464	1.40139	1.22687	1.08176	0.963728	0.867484	0.788103	0.721723	0.665468	0.617212	0.575375	0.538763	0.506461	0.477754	0.452079	0.428984	0.408102	0.389132	0.371826	0.355976	0.341407	0.327972	0.315544	0.304015	0.293291	0.283293	0.273948	0.265196	0.256982	0.249259	0.241983	0.235118	0.228629	0.222488	0.216665	0.211139	0.205886	0.200887	0.196125	0.191582	0.187243	0.183097	0.179129	0.175329	0.171687	0.168192	0.164837	0.161612	0.158511	0.155526	0.152652	0.149881	0.147209	0.14463	0.14214	0.139735	0.137409	0.135159	0.132981	0.130872	0.12883	0.126849	0.124929	0.123066	0.121257	0.119501	0.117795	0.116137	0.114525
0.625	1.8325	1.7606	1.58995	1.39639	1.22202	1.07729	0.95972	0.863928	0.784954	0.718928	0.662975	0.614976	0.573357	0.536931	0.504787	0.476217	0.45066	0.427667	0.406874	0.387983	0.370747	0.354959	0.340446	0.327061	0.314679	0.303191	0.292505	0.28254	0.273227	0.264504	0.256317	0.248618	0.241366	0.234522	0.228054	0.22193	0.216126	0.210616	0.205379	0.200394	0.195645	0.191115	0.18679	0.182655	0.178698	0.174909	0.171277	0.167792	0.164445	0.161229	0.158136	0.15516	0.152293	0.14953	0.146865	0.144293	0.141809	0.13941	0.13709	0.134846	0.132674	0.13057	0.128533	0.126557	0.124642	0.122784	0.12098	0.119228	0.117526	0.115872	0.114264
0.65	1.82905	1.75671	1.58534	1.39148	1.21725	1.07291	0.955791	0.860442	0.781867	0.716188	0.660531	0.612784	0.571379	0.535134	0.503146	0.474709	0.449267	0.426375	0.405671	0.386857	0.36969	0.353963	0.339505	0.326169	0.313831	0.302383	0.291734	0.281803	0.272521	0.263826	0.255666	0.247991	0.240761	0.233938	0.227489	0.221385	0.215597	0.210103	0.204881	0.199911	0.195176	0.190659	0.186345	0.182222	0.17826	0.174497	0.170875	0.167399	0.164062	0.160854	0.15777	0.154801	0.151941	0.149185	0.146527	0.143962	0.141485	0.139091	0.136777	0.134539	0.132372	0.130274	0.128242	0.126272	0.124361	0.122507	0.120708	0.11896	0.117262	0.115612	0.114008
0.675	1.82567	1.75288	1.5808	1.38665	1.21258	1.06861	0.951938	0.857023	0.778839	0.7135	0.658134	0.610634	0.569438	0.533372	0.501536	0.47323	0.447902	0.425108	0.40449	0.385753	0.368652	0.352986	0.338581	0.325294	0.312999	0.301591	0.290978	0.28108	0.271829	0.263162	0.255027	0.247376	0.240168	0.233366	0.226936	0.22085	0.215079	0.209601	0.204394	0.199438	0.194716	0.190211	0.185909	0.181797	0.177862	0.174093	0.170481	0.167014	0.163686	0.160487	0.15741	0.154449	0.151597	0.148848	0.146196	0.143638	0.141167	0.138779	0.136471	0.134238	0.132077	0.129984	0.127957	0.125991	0.124085	0.122236	0.120441	0.118698	0.117004	0.115358	0.113758
0.7	1.82233	1.74912	1.57635	1.38191	1.20799	1.06439	0.948158	0.853668	0.775868	0.710862	0.655781	0.608523	0.567533	0.531642	0.499955	0.471778	0.446561	0.423864	0.403331	0.384668	0.367634	0.352027	0.337675	0.324435	0.312183	0.300814	0.290237	0.280371	0.271149	0.26251	0.2544	0.246773	0.239587	0.232805	0.226394	0.220325	0.214571	0.209108	0.203916	0.198974	0.194264	0.189772	0.185482	0.181381	0.177456	0.173697	0.170094	0.166637	0.163317	0.160126	0.157057	0.154104	0.151259	0.148517	0.145872	0.14332	0.140855	0.138473	0.136171	0.133944	0.131788	0.1297	0.127677	0.125717	0.123815	0.12197	0.12018	0.118441	0.116751	0.115109	0.113512
0.725	1.81905	1.74541	1.57196	1.37726	1.20348	1.06025	0.944446	0.850375	0.77295	0.708271	0.65347	0.60645	0.565662	0.529942	0.498403	0.470352	0.445245	0.422643	0.402193	0.383604	0.366635	0.351085	0.336785	0.323591	0.311382	0.300051	0.289508	0.279675	0.270482	0.26187	0.253785	0.24618	0.239016	0.232254	0.225861	0.21981	0.214072	0.208625	0.203446	0.198497	0.193821	0.189341	0.185062	0.180972	0.177058	0.173309	0.169715	0.166266	0.162955	0.159772	0.156711	0.153765	0.150927	0.148192	0.145554	0.143008	0.140549	0.138173	0.135876	0.133654	0.131504	0.129421	0.127403	0.125447	0.12355	0.12171	0.119923	0.118188	0.116503	0.114864	0.113271
0.75	1.81582	1.74176	1.56764	1.37268	1.19905	1.05618	0.940801	0.84714	0.770084	0.705726	0.651199	0.604412	0.563823	0.528272	0.496877	0.468951	0.443951	0.421443	0.401074	0.382557	0.365652	0.350159	0.33591	0.322763	0.310595	0.299302	0.288793	0.278991	0.269827	0.261241	0.25318	0.245599	0.238455	0.231712	0.225338	0.219304	0.213582	0.20815	0.202986	0.19807	0.193386	0.188918	0.18465	0.180571	0.176667	0.172927	0.169342	0.165903	0.162599	0.159425	0.156371	0.153432	0.150602	0.147873	0.145241	0.142701	0.140249	0.137879	0.135587	0.13337	0.131225	0.129147	0.127134	0.125183	0.12329	0.121454	0.119671	0.11794	0.116259	0.114624	0.113035
0.775	1.81263	1.73816	1.56339	1.36817	1.1947	1.05218	0.937219	0.84396	0.767268	0.703224	0.648967	0.602409	0.562014	0.52663	0.495377	0.467573	0.442678	0.420262	0.399975	0.381529	0.364687	0.34925	0.335051	0.321948	0.309821	0.298565	0.28809	0.278319	0.269183	0.260623	0.252586	0.245027	0.237904	0.23118	0.224824	0.218806	0.2131	0.207683	0.202533	0.19763	0.192959	0.188502	0.184246	0.180176	0.176282	0.172552	0.168977	0.165545	0.16225	0.159083	0.156038	0.153106	0.150282	0.14756	0.144934	0.1424	0.139954	0.137589	0.135303	0.133091	0.130951	0.128878	0.126869	0.124923	0.123034	0.121202	0.119424	0.117697	0.116019	0.114388	0.112803
0.8	1.80948	1.73461	1.5592	1.36374	1.19041	1.04825	0.933697	0.840834	0.764497	0.700764	0.646771	0.600439	0.560235	0.525014	0.493901	0.466217	0.441427	0.419101	0.398893	0.380517	0.363736	0.348355	0.334205	0.321147	0.30906	0.29784	0.287398	0.277657	0.268549	0.260015	0.252002	0.244464	0.237362	0.230657	0.224319	0.218317	0.212627	0.207224	0.202087	0.197198	0.192538	0.188093	0.183848	0.179789	0.175904	0.172184	0.168617	0.165194	0.161907	0.158748	0.155709	0.152784	0.149967	0.147252	0.144632	0.142105	0.139663	0.137304	0.135024	0.132817	0.130681	0.128613	0.126609	0.124667	0.122783	0.120955	0.119181	0.117458	0.115783	0.114156	0.112574
0.825	1.80637	1.7311	1.55506	1.35937	1.1862	1.04439	0.930231	0.837758	0.761771	0.698342	0.64461	0.598499	0.558484	0.523423	0.492447	0.464882	0.440194	0.417958	0.397828	0.37952	0.362801	0.347473	0.333373	0.320358	0.30831	0.297127	0.286718	0.277006	0.267926	0.259416	0.251427	0.243911	0.236828	0.230142	0.223821	0.217836	0.212161	0.206772	0.201649	0.196772	0.192125	0.187691	0.183456	0.179407	0.175532	0.171821	0.168263	0.164848	0.161569	0.158418	0.155386	0.152468	0.149658	0.146949	0.144335	0.141813	0.139378	0.137024	0.134749	0.132547	0.130416	0.128353	0.126354	0.124415	0.122536	0.120712	0.118941	0.117222	0.115552	0.113928	0.112349
0.85	1.80329	1.72763	1.55098	1.35506	1.18205	1.04058	0.926819	0.834729	0.759087	0.695956	0.642481	0.596588	0.556758	0.521856	0.491015	0.463566	0.438979	0.416831	0.396778	0.378538	0.361879	0.346605	0.332552	0.319581	0.307572	0.296424	0.286047	0.276365	0.267311	0.258827	0.25086	0.243366	0.236303	0.229635	0.223331	0.217362	0.211702	0.206327	0.201217	0.196353	0.191717	0.187294	0.18307	0.179031	0.175166	0.171464	0.167914	0.164508	0.161236	0.158092	0.155068	0.152157	0.149353	0.14665	0.144043	0.141527	0.139097	0.136748	0.134478	0.132281	0.130155	0.128096	0.126102	0.124168	0.122292	0.120472	0.118706	0.11699	0.115323	0.113703	0.112128
0.875	1.80023	1.72419	1.54694	1.3508	1.17795	1.03682	0.923456	0.831743	0.75644	0.693604	0.640381	0.594703	0.555056	0.520309	0.489603	0.462269	0.437781	0.41572	0.395742	0.37757	0.36097	0.345749	0.331743	0.318814	0.306844	0.29573	0.285385	0.275732	0.266705	0.258245	0.250301	0.242828	0.235784	0.229135	0.222848	0.216894	0.211249	0.205888	0.200791	0.195939	0.191315	0.186903	0.182689	0.178661	0.174805	0.171111	0.16757	0.164172	0.160908	0.157771	0.154754	0.15185	0.149052	0.146355	0.143754	0.141244	0.138819	0.136476	0.134211	0.132019	0.129898	0.127844	0.125853	0.123923	0.122052	0.120236	0.118473	0.116761	0.115098	0.113481	0.11191
0.9	1.79719	1.72077	1.54294	1.34659	1.1739	1.03312	0.920136	0.828796	0.753827	0.691282	0.638307	0.592841	0.553374	0.518782	0.488207	0.460986	0.436597	0.414621	0.394719	0.376612	0.360071	0.344902	0.330943	0.318056	0.306124	0.295045	0.284731	0.275107	0.266106	0.257671	0.249749	0.242296	0.235272	0.22864	0.22237	0.216432	0.210801	0.205454	0.20037	0.195531	0.190918	0.186517	0.182313	0.178294	0.174448	0.170763	0.16723	0.16384	0.160584	0.157454	0.154444	0.151546	0.148755	0.146064	0.143469	0.140964	0.138545	0.136207	0.133947	0.13176	0.129643	0.127594	0.125607	0.123682	0.121814	0.120002	0.118243	0.116535	0.114876	0.113262	0.111694
